[
['U', -1], 
['U', 1], 
['D', -1], 
['D', 1], 
['L', -1], 
['L', 1], 
['R', -1], 
['R', 1], 
['B', -1], 
['B', 1], 
['F', -1], 
['F', 1]
]

 WHITE:0 - U,
YELLOW:1 - D,
 GREEN:2 - L,
  BLUE:3 - R,
ORANGE:4 - B,
   RED:5 - F

                            |                         |                          |                          |                          |
[24  1  2 25  4  5 26  7  8  9 10 27 12 13 28 15 16 29 18 19 20 21 22 23 17 14 11  6  3  0 30 31 32 33 34 35 36 37 38 39 40 41 42 43 44 51 48 45 52 49 46 53 50 47] ['F', 1] 
[[2  0  0  2  0  0  2  0  0  1  1  3  1  1  3  1  1  3  2  2  2  2  2  2  1  1  1  0  0  0  3  3  3  3  3  3  4  4  4  4  4  4  4  4  4  5  5  5  5  5  5  5  5  5]] ['F', 1] 
[ 0  1  2  3  4  5  6  7  8  9 10 11 12 13 14 15 16 17 18 19 20 21 22 23 24 25 26 27 28 29 30 31 32 33 34 35 36 37 38 39 40 41 42 43 44 45 46 47 48 49 50 51 52 53] *
[[0  0  0  0  0  0  0  0  0  1  1  1  1  1  1  1  1  1  2  2  2  2  2  2  2  2  2  3  3  3  3  3  3  3  3  3  4  4  4  4  4  4  4  4  4  5  5  5  5  5  5  5  5  5]] *
[ 6  3  0  7  4  1  8  5  2  9 10 11 12 13 14 15 16 17 18 19 47 21 22 50 24 25 53 27 28 38 30 31 41 33 34 44 36 37 20 39 40 23 42 43 26 45 46 29 48 49 32 51 52 35] ['U', 1]
[[0  0  0  0  0  0  0  0  0  1  1  1  1  1  1  1  1  1  2  2  5  2  2  5  2  2  5  3  3  4  3  3  4  3  3  4  4  4  2  4  4  2  4  4  2  5  5  3  5  5  3  5  5  3]] ['U', 1]
                            |                         |                          |                          |                          |
[ 0  1  2  3  4  5 51 52 53  9 10 11 12 13 14 38 37 36 18 19 20 21 22 23 24 25 26 33 30 27 34 31 28 35 32 29  8  7  6 39 40 41 42 43 44 45 46 47 48 49 50 15 16 17] ['R',1]
[[0  0  0  0  0  0  5  5  5  1  1  1  1  1  1  4  4  4  2  2  2  2  2  2  2  2  2  3  3  3  3  3  3  3  3  3  0  0  0  4  4  4  4  4  4  5  5  5  5  5  5  1  1  1]] ['R',1]
[[0  0  0  0  0  0  0  0  0  1  1  1  1  1  1  1  1  1  2  2  2  2  2  2  2  2  2  3  3  3  3  3  3  3  3  3  4  4  4  4  4  4  4  4  4  5  5  5  5  5  5  5  5  5]] *

                            |                         |                          |                          |                          |
[ 0  1 35  3  4 34  6  7 33 20 10 11 19 13 14 18 16 17  2  5  8 21 22 23 24 25 26 27 28 29 30 31 32  9 12 15 42 39 36 43 40 37 44 41 38 45 46 47 48 49 50 51 52 53] ['B',1]
[[0  0  3  0  0  3  0  0  3  2  1  1  2  1  1  2  1  1  0  0  0  2  2  2  2  2  2  3  3  3  3  3  3  1  1  1  4  4  4  4  4  4  4  4  4  5  5  5  5  5  5  5  5  5]] ['B',1]

Environment.next_state(Environment.solvedState,['B',1])
Environment.next_state(Environment.state_to_nnet_input(Environment.solvedState),['B',1])
Environment.get_transposes_color_sort()


np.min(Environment.next_state(Environment.solvedState,['R',1]),Environment.solvedState)
np.min(Environment.solvedState == Environment.solvedState)





[2  5  5  0  0  0  0  0  0  3  1  1  4  1  1  4  1  1  1  2  2  2  2  2  2  4  4  3  3  3  3  3  3  0  3  3  2  4  4  2  4  4  4  0  0  5  1  1  5  5  5  5  5  5]
                            |                         |                          |                          |                          |
[ 0  1  2  3  4  5  6  7  8  9 10 11 12 13 14 15 16 17 18 19 20 21 22 23 24 25 26 27 28 29 30 31 32 33 34 35 36 37 38 39 40 41 42 43 44 45 46 47 48 49 50 51 52 53] *
[ x  1  x  3  4  5  x  7  x  ]

                            |                         |                          |                          |                          |
[ 0  1  2  3  4  5  6  7  8  9 10 11 12 13 14 15 16 17 18 19 20 21 22 23 24 25 26 27 28 29 30 31 32 33 34 35 36 37 38 39 40 41 42 43 44 45 46 47 48 49 50 51 52 53] *
[15 25 24  3  4  1  6  5  2 51 12 47 52 13 14 35 32 42 17 19 45 39 22 46 26 37 36  9 10 29  7 31 41  8 30 44 38 16 20 28 40 23 27 43 11  0 34 33 48 49 50 18 21 53]
                            |                         |                          |                          |                          |
[[0  0  0  0  0  0  0  0  0  1  1  1  1  1  1  1  1  1  2  2  2  2  2  2  2  2  2  3  3  3  3  3  3  3  3  3  4  4  4  4  4  4  4  4  4  5  5  5  5  5  5  5  5  5]] *
[ 1  2  2  0  0  0  0  0  0  5  1  5  5  1  1  3  3  4  1  2  5  4  2  5  2  4  4  1  1  3  0  3  4  0  3  4  4  1  2  3  4  2  3  4  1  0  3  3  5  5  5  2  2  5]